1.50765   0.62260   0.36998   0.71823   0.15284   0.26498   0.48673	0
1.35997   0.53673   0.30806   0.63481   0.14091   0.26422   0.40873	3
1.32062   0.54536   0.26557   0.57546   0.14949   0.26495   0.41870	2
1.44003   0.56638   0.30995   0.63954   0.16661   0.26327   0.44017	1
1.31177   0.52555   0.26219   0.56736   0.15109   0.25927   0.40961	2
1.35163   0.54873   0.30178   0.62561   0.14231   0.26499   0.41099	3
1.50824   0.62234   0.36805   0.71190   0.15020   0.26106   0.50858	0
1.45187   0.56966   0.32151   0.65093   0.16558   0.26647   0.43742	1
1.45083   0.56818   0.32152   0.65549   0.16563   0.27149   0.43119	1
1.36354   0.53935   0.30851   0.63751   0.14335   0.26738   0.40376	3
1.52670   0.62454   0.37655   0.72734   0.15119   0.25850   0.49069	0
1.34673   0.53444   0.28410   0.60674   0.14619   0.25647   0.41787	2
1.51928   0.62586   0.37827   0.72671   0.15210   0.27353   0.49454	0
1.34377   0.52845   0.27441   0.59399   0.14783   0.25791   0.41379	2
1.43538   0.57265   0.31273   0.63993   0.16561   0.26262   0.43627	1
1.34963   0.55472   0.29940   0.62202   0.14287   0.26496   0.42180	3
