1.667528	0.5684637	0.3167265	0.6478268	0.1652645	0.2655251	0.4347355
1.668577	0.5728545	0.3173654	0.648735	0.1652914	0.2678879	0.4317466
1.671402	0.5725625	0.3175186	0.6503575	0.1652609	0.2665894	0.4338326
1.670881	0.5701833	0.3171631	0.6490424	0.1651887	0.2643599	0.4431954
1.665407	0.567444	0.3175603	0.6465837	0.165274	0.2643728	0.4347035
1.665516	0.5689269	0.3179263	0.6479068	0.1653765	0.2648399	0.4354254
1.70533	    0.5697501	0.3192402	0.649033	0.1653292	0.2632127	0.4368482
1.662971	0.5687314	0.318583	0.6482385	0.1653752	0.2639287	0.4347813
1.664683	0.5689247	0.3175385	0.6482022	0.1653846	0.2637314	0.4327646
1.666751	0.5695252	0.3170984	0.6486194	0.165595	0.2619563	0.4357547
1.667682	0.5727229	0.3180234	0.6498488	0.1655184	0.2630857	0.4379402
1.669541	0.5713807	0.3187028	0.6523895	0.1658991	0.2635757	0.4368802
1.70709	    0.573016	0.3183243	0.6489186	0.1657546	0.2628615	0.4387574
1.662192	0.5709974	0.3175092	0.6448712	0.1657915	0.262757	0.4370908
1.662992	0.5721233	0.318417	0.6452679	0.1655938	0.2631617	0.4374857
1.701772	0.5713017	0.3163061	0.6446647	0.1657577	0.2628559	0.4381212
1.708244	0.5727648	0.3166301	0.6476135	0.1657375	0.2631481	0.4388506
1.670726	0.5712393	0.3167805	0.6472672	0.1658771	0.2625588	0.438002
1.666522	0.5685257	0.3170175	0.6490054	0.1657955	0.2619895	0.4350975
1.66485	    0.5730439	0.3179634	0.6482414	0.1658647	0.2635208	0.4386537
1.664587	0.5692555	0.3179545	0.6491722	0.1657803	0.2629593	0.431874
1.661662	0.5717815	0.3183603	0.6479092	0.1658275	0.2623598	0.4509881
1.662	    0.5709246	0.3197345	0.6492925	0.1658152	0.2613559	0.45075
1.661573	0.5685855	0.3199044	0.6476924	0.1657666	0.2630319	0.4471734
1.661684	0.570556	0.3198372	0.647377	0.1659139	0.2628911	0.4438525
1.659951	0.5697101	0.3201329	0.645871	0.1658471	0.2634192	0.4338101
1.658528	0.5696364	0.3205445	0.6438097	0.165773	0.2619451	0.4465641
1.661146	0.5696287	0.3189718	0.6446521	0.1660521	0.2623978	0.4417423
1.663713	0.5692979	0.3180854	0.6458365	0.1660997	0.2635067	0.436196
1.666936	0.5689741	0.3192122	0.6497236	0.1660262	0.2629864	0.4375114
1.666847	0.5694664	0.3174173	0.648912	0.1660516	0.2635496	0.4374653
1.666891	0.5711411	0.3208548	0.6496618	0.1660094	0.2634469	0.4387497
1.663965	0.5724537	0.3188638	0.6480995	0.165987	0.2621511	0.4412501
1.663877	0.5686057	0.3191806	0.6509796	0.1658831	0.2615175	0.4369826
1.669286	0.5683166	0.3192846	0.6529268	0.1660166	0.2624565	0.4416584
1.668175	0.5698277	0.3192548	0.6513765	0.16596	    0.26255	    0.4402355
1.667156	0.5688008	0.318285	0.6501261	0.165928	0.2620067	0.4366247
1.668692	0.5715215	0.3177148	0.6510018	0.1659484	0.2633975	0.4377694
1.665724	0.5689307	0.3185649	0.6472237	0.1658794	0.2628266	0.4388475
1.667102	0.569235	0.3176201	0.6470352	0.1659708	0.2642423	0.4344667
1.666953	0.5686451	0.319016	0.6472294	0.1657101	0.264288	0.4341361
1.664898	0.5714927	0.3194586	0.6471202	0.165832	0.2632451	0.4360009
1.663612	0.5707269	0.3198904	0.6461548	0.1657938	0.2627222	0.4363512
1.706535	0.5716417	0.319889	0.6475367	0.1653711	0.2641665	0.4366948
1.706541	0.5687635	0.3192398	0.6489402	0.1653908	0.2644443	0.4372267
1.668288	0.5716282	0.3194844	0.6506413	0.1655229	0.262173	0.441449
1.70884	    0.5717613	0.3192962	0.6507973	0.1656194	0.2629063	0.4397809
1.672767	0.5731904	0.3200752	0.6518209	0.1656097	0.2645265	0.4404233
1.673983	0.5742865	0.3206519	0.6526252	0.1655552	0.2633767	0.4436673
1.6717	    0.5696796	0.321062	0.6519867	0.1656192	0.2635281	0.4511123
1.670762	0.5734165	0.3228458	0.6510398	0.1654289	0.2637093	0.446983
1.667945	0.5734127	0.3221513	0.6501302	0.1656014	0.2644693	0.4527906
1.6668	    0.5723538	0.3208063	0.6493121	0.165645	0.2633432	0.4515826
1.665178	0.5707799	0.3199576	0.6477689	0.1656621	0.2631084	0.4377072
1.667807	0.5679433	0.3199227	0.6502019	0.1657101	0.2620868	0.4446194
1.66885	    0.5691982	0.320581	0.6510903	0.1658814	0.2620378	0.4339694
1.669276	0.5701422	0.3203515	0.6511979	0.1658601	0.2624515	0.43553
1.66529	    0.5727614	0.3207937	0.6498132	0.1658359	0.263015	0.4380874
1.704327	0.5712256	0.3207283	0.6483018	0.1657372	0.2629633	0.4331563
1.666504	0.5731204	0.320091	0.6509168	0.1661482	0.2633415	0.4463849
1.661714	0.5707766	0.3195314	0.6481208	0.1660231	0.2665206	0.4297302
1.666828	0.5704975	0.3210974	0.6496289	0.1659135	0.2634678	0.4469311
1.667029	0.5668082	0.3186058	0.6499598	0.1657453	0.2635975	0.4289985
1.663514	0.5724866	0.3207947	0.6491931	0.1656957	0.2627772	0.4369313
1.671468	0.5708928	0.3204327	0.6517829	0.1655109	0.2635491	0.4469968
1.667285	0.5710776	0.3202551	0.6497978	0.1653649	0.2630513	0.4407261
1.670443	0.5686819	0.3196858	0.6553332	0.1647242	0.2637853	0.4348445
1.668868	0.5695628	0.3200048	0.6506519	0.164815	0.2644027	0.433838
1.708932	0.571089	0.3142883	0.6504321	0.1655092	0.260042	0.4522661
1.708405	0.5697369	0.3165501	0.6499031	0.1656924	0.2619404	0.4496075
1.707422	0.5695488	0.3158713	0.647415	0.1657205	0.2631561	0.4426342
1.661479	0.5698912	0.317185	0.6471342	0.1656413	0.2628644	0.4396362
1.662459	0.56732	    0.3182716	0.6468071	0.1657256	0.2647216	0.4382722
1.664878	0.5690889	0.318111	0.648706	0.1654577	0.2637164	0.4348289
