1.596384	0.5373616	0.2857777	0.6104693	0.1470514	0.2651577	0.4197774
1.594688	0.5295168	0.2860308	0.6076697	0.1471743	0.2666327	0.4111894
1.596303	0.5232702	0.2923841	0.6095858	0.1472384	0.2668359	0.4038983
1.596196	0.5223281	0.2880136	0.6105617	0.1471945	0.2659144	0.4017698
1.59353  	0.535723	0.2879234	0.6090799	0.1471643	0.2691562	0.4129367
1.597111	0.5333484	0.2886415	0.6108094	0.1467464	0.2673703	0.4091286
1.596132	0.5417815	0.2953155	0.6108065	0.14681 	0.2670373	0.4093435
1.597803	0.5284266	0.2949426	0.6106235	0.1468258	0.2663797	0.4015645
1.596827	0.5168737	0.2967248	0.6094437	0.1468664	0.2653943	0.3923094
1.597658	0.5176859	0.2958808	0.607229	0.1469637	0.264956	0.3935726
1.596813	0.5313864	0.286135	0.6092912	0.1468133	0.2646795	0.4086274
1.597133	0.5295139	0.2935384	0.6080578	0.1471359	0.269016	0.4036062
1.596602	0.5434081	0.2940968	0.6089709	0.1473275	0.2678005	0.4174518
1.593581	0.5194231	0.2900934	0.6087388	0.1468276	0.2689283	0.3926167
1.595045	0.5313807	0.2879786	0.610898	0.1466971	0.2678539	0.4075391
1.594861	0.5292761	0.2883638	0.6075764	0.147061	0.2679368	0.4044161
1.593381	0.5299988	0.2861229	0.6064376	0.1471318	0.2682423	0.4042881
1.593341	0.5134929	0.2881621	0.6094865	0.1471802	0.2682428	0.3876948
1.591877	0.5144975	0.2867727	0.608555	0.147528	0.2673769	0.3902075
1.589649	0.5315067	0.2850939	0.6064183	0.1474544	0.2698977	0.404923
1.588843	0.533007	0.2862232	0.6059203	0.1476062	0.2729749	0.4042781
1.590065	0.5376092	0.2932455	0.605963	0.1476536	0.2737108	0.408695
1.590172	0.5349604	0.2941025	0.6056839	0.1476247	0.2734742	0.4061905
1.590919	0.5334353	0.2878092	0.6070352	0.1476648	0.2679133	0.4127809
1.588671	0.5448328	0.2867243	0.6063166	0.1478203	0.2705774	0.4206011
1.588421	0.5393801	0.2849119	0.6059145	0.1476689	0.2661916	0.4199914
1.59107	    0.5333956	0.2840017	0.6062953	0.1477626	0.2637166	0.4159542
1.592982	0.5321159	0.2907405	0.6062739	0.1480949	0.2640404	0.4137024
1.592922	0.530974	0.2937803	0.6057786	0.1477211	0.2645734	0.4107314
1.591772	0.5400736	0.28571 	0.6063312	0.1478847	0.2668693	0.4192968
1.591884	0.5328073	0.2836435	0.6081445	0.1483755	0.2667425	0.4124874
1.592281	0.533381	0.2920024	0.6075934	0.1485128	0.2651751	0.413429
1.592537	0.5305303	0.2924507	0.6089549	0.1484701	0.2675138	0.408415
1.591573	0.5316292	0.2863955	0.6086587	0.1483632	0.2658831	0.410122
1.592659	0.5330198	0.2850889	0.6083684	0.1482867	0.2680007	0.4098249
1.591799	0.533704	0.2844668	0.6117252	0.1482257	0.269554	0.4089648
1.591009	0.5387318	0.2845749	0.608013	0.1482343	0.263208	0.4190577
1.59118 	0.5184104	0.2915648	0.6075927	0.1480079	0.2664082	0.3979539
1.590679	0.5248742	0.2862996	0.6060672	0.14804 	0.2688651	0.4018364
1.590135	0.5273342	0.2904205	0.6069359	0.1479171	0.2672576	0.4041466
1.591699	0.5189574	0.2941977	0.606508	0.1478415	0.2658918	0.3959967
1.590716	0.5300643	0.2860545	0.6051498	0.1475088	0.2655531	0.4069266
1.591918	0.5298327	0.2939413	0.6089986	0.1475839	0.2690695	0.4049484
1.592198	0.5471849	0.2888937	0.608113	0.1475789	0.2694638	0.4220712
1.591656	0.5440874	0.293054	0.6089095	0.1478299	0.2709597	0.4177844
1.589602	0.5257882	0.2869613	0.6103199	0.1476306	0.2678294	0.4013571
1.58999	    0.5270709	0.2899022	0.6101714	0.1471532	0.2675015	0.4027841
1.591482	0.5412486	0.2873207	0.608756	0.1469003	0.2680021	0.4160224
1.592295	0.5397987	0.2866845	0.6077935	0.1471738	0.2664195	0.4154994
1.593728	0.5433884	0.2931936	0.6084808	0.1470772	0.2681718	0.418666
1.59315	    0.5289337	0.2882895	0.6080141	0.1472802	0.264953	0.4066772
1.591775	0.5291274	0.2903554	0.6083023	0.1463514	0.2670246	0.405527
1.592667	0.5179459	0.2883721	0.6079158	0.1463227	0.2675189	0.394221
1.592382	0.5305668	0.2882479	0.6078618	0.1463669	0.2693303	0.4053849
1.59115	    0.5291618	0.2892273	0.6056077	0.146732	0.268965	0.4043603
1.593906	0.5449885	0.2891257	0.6062585	0.1468842	0.2693961	0.4189917
1.594179	0.5428752	0.2879248	0.6075015	0.1469654	0.2686714	0.4173155
1.592958	0.5248764	0.2897347	0.6068859	0.1472197	0.2688117	0.3995727
1.594111	0.5331535	0.2914971	0.6075391	0.1470514	0.2680781	0.4087594
1.594668	0.5304537	0.2896079	0.6095057	0.1469944	0.2662114	0.4074826
1.593563	0.5282065	0.2860069	0.6099592	0.1472627	0.2642497	0.4076149
1.593172	0.529084	0.2871335	0.6100024	0.1472017	0.263998	0.4087354
1.591036	0.5255229	0.2880155	0.6078665	0.1470182	0.2653494	0.4044712
1.595669	0.5280382	0.2855775	0.6110222	0.1466998	0.2653912	0.407086
1.595677	0.5258519	0.2893207	0.6089695	0.14677	    0.2632092	0.4076639
1.5941  	0.5283582	0.2854663	0.6089087	0.1467246	0.2633583	0.4104551
1.593711	0.5385595	0.2916115	0.6085567	0.1469504	0.2635589	0.4207566
1.5927	    0.5313023	0.2871267	0.6144574	0.1469562	0.2644387	0.4123195
1.593935	0.5316079	0.2936356	0.6104007	0.1470356	0.2645983	0.4126577
1.592321	0.5315244	0.2826596	0.605796	0.1471547	0.262976	0.4147238
1.591763	0.5251296	0.2827672	0.6066424	0.1472205	0.2623295	0.4081635
1.592283	0.5289797	0.2834502	0.6057221	0.1472991	0.2620383	0.4120566
1.591126	0.5411367	0.2891138	0.6084127	0.1473425	0.2642336	0.422003
