1.449317	0.5679855	0.3208734	0.6548797	0.165807	0.2713478	0.4298296
1.448792	0.5686898	0.324545	0.6543312	0.1659873	0.2751476	0.4245611
1.448287	0.5701426	0.3215921	0.653465	0.1660175	0.2715629	0.4313388
1.450192	0.5707864	0.3234575	0.6550896	0.1661553	0.2755354	0.4268628
1.449926	0.5708492	0.3231666	0.6544321	0.1658669	0.2749633	0.4267103
1.45121	        0.5692922	0.3232267	0.6553637	0.1657383	0.2782597	0.4202092
1.449303	0.5701082	0.3218861	0.6540067	0.1657874	0.2741011	0.4292434
1.448237	0.570811	0.3227592	0.6535353	0.1657812	0.2702883	0.4341263
1.448762	0.5696974	0.3215388	0.6531179	0.1653399	0.2651234	0.4400037
1.451604	0.5680358	0.3249114	0.6554754	0.1652113	0.2672849	0.4369963
1.45147	        0.5690482	0.3254138	0.6540345	0.1650519	0.2675404	0.4374448
1.451568	0.5688729	0.3213514	0.6544098	0.165138	0.2679239	0.4376681
1.449564	0.5672855	0.3216189	0.6535528	0.1654896	0.2742557	0.4274224
1.451841	0.5713972	0.3206467	0.6559818	0.1657092	0.2706219	0.4356739
1.452238	0.5707934	0.3217722	0.6565481	0.1657335	0.283877	0.4256297
1.451719	0.5698797	0.3210426	0.656789	0.1663963	0.2757179	0.4285501
1.449121	0.5700034	0.3193104	0.6547619	0.1661564	0.271454	0.4349099
1.45039	        0.5703534	0.3206441	0.6558138	0.1655698	0.2770228	0.4302175
1.448803	0.5710304	0.321882	0.6542149	0.1657422	0.2710899	0.4366066
1.45115	        0.572296	0.3220756	0.6556169	0.1653578	0.2741593	0.4322984
1.456217	0.5706788	0.3223877	0.6603181	0.1654401	0.2736073	0.4304112
1.454037	0.5725027	0.3225836	0.6580411	0.1650448	0.2725292	0.4329116
1.452557	0.5721589	0.3247704	0.6568913	0.1651063	0.2754824	0.428754
1.452588	0.5706908	0.3236804	0.6576362	0.1658319	0.2767957	0.4250774
1.453249	0.5642343	0.3252615	0.6584965	0.1657088	0.272102	0.4241105
1.449858	0.568397	0.3234191	0.6551666	0.1661476	0.2683381	0.4337472
1.449001	0.567806	0.3222202	0.6541117	0.1667973	0.2673374	0.4350813
1.449614	0.5678738	0.3209703	0.6548213	0.1667705	0.267835	0.4347816
1.450809	0.5673298	0.3205045	0.6546407	0.1661319	0.2749215	0.4242401
1.452127	0.5678988	0.3203214	0.6560634	0.1656286	0.2697114	0.4338957
1.451948	0.5699677	0.3229479	0.6552667	0.1657353	0.2674744	0.4396149
1.451772	0.5698644	0.3213734	0.6549847	0.165772	0.2706368	0.4326497
1.45101	        0.5700663	0.322869	0.6539359	0.1656919	0.2685712	0.4339936
1.450716	0.563607	0.3220169	0.6539776	0.1660258	0.2690192	0.4289149
1.450056	0.565325	0.3235665	0.6541124	0.1658688	0.2670979	0.4326144
1.451238	0.5639279	0.3191581	0.6555091	0.1658282	0.2686966	0.4306035
1.449552	0.5690855	0.319504	0.6547214	0.1656424	0.2666426	0.4369962
1.448775	0.5612053	0.3188267	0.6532174	0.1652264	0.2753156	0.4248129
1.450366	0.5642085	0.3181691	0.6545259	0.1652814	0.269892	0.4317252
1.453773	0.5630247	0.3187197	0.6567659	0.1649792	0.2764396	0.4208205
1.451313	0.5627233	0.3196705	0.6552364	0.165219	0.2695968	0.4292947
1.45169	        0.562204	0.3202115	0.6553201	0.1645953	0.269549	0.4297034
1.449633	0.5653755	0.3212258	0.6553476	0.164942	0.2695487	0.4283752
1.45262	        0.5630666	0.320665	0.6579586	0.1652218	0.2753326	0.4209478
1.452664	0.5627323	0.3184972	0.6570453	0.1648174	0.2690918	0.4297952
1.451879	0.5613096	0.320996	0.6559498	0.1664758	0.2670715	0.4309128
1.451475	0.5623075	0.3231893	0.6561913	0.1668063	0.2669394	0.4311805
1.452276	0.5616601	0.3223522	0.6570308	0.1666121	0.2667885	0.430352
1.450792	0.5624719	0.3213662	0.6557852	0.1659718	0.2719308	0.4259509
1.448368	0.5651442	0.3213926	0.6545393	0.1658626	0.2664431	0.4356706
1.448881	0.5650366	0.3201464	0.654272	0.1658399	0.266649	0.4359864
1.450562	0.56726	        0.3219361	0.6562068	0.1656566	0.2603953	0.4467403
1.45192	        0.5681298	0.3206315	0.657179	0.1654755	0.2723909	0.4278288
1.451462	0.5689645	0.3191358	0.6565497	0.1653784	0.2707906	0.4312379
1.450729	0.5694827	0.3209271	0.6563253	0.1652471	0.2772081	0.4300054
1.452765	0.5720047	0.3235065	0.6572721	0.1650082	0.275846	0.4328773
1.453464	0.5730339	0.3225293	0.6572207	0.1645531	0.27957	        0.4299023
1.452022	0.5721177	0.320695	0.6564927	0.1654242	0.2728291	0.4363003
1.450563	0.5718576	0.31872	       0.6553763	0.1657429	0.2734212	0.4326447
1.451741	0.5719424	0.323722	0.6561911	0.1657733	0.2703797	0.4359083
1.452989	0.5724081	0.3207956	0.6567152	0.1658919	0.2774778	0.4241474
1.452119	0.5690222	0.3210952	0.6568553	0.1659582	0.2715585	0.428737
1.452755	0.5704669	0.3228062	0.6573637	0.1661405	0.2687839	0.4351515
1.450779	0.5700676	0.3220139	0.65535	        0.1659467	0.2685257	0.4344789
1.450929	0.5713615	0.3210903	0.655562 	0.1653097	0.2736318	0.4290228
1.448872	0.5708148	0.3207766	0.6542991	0.1655256	0.2742481	0.4269953
1.450079	0.5706304	0.3224287	0.6551976	0.1652264	0.2793275	0.4230222
1.449346	0.5689356	0.3226785	0.6545885	0.1653861	0.2760847	0.4252503
1.447589	0.571528	0.3202773	0.6529896	0.1653765	0.2735117	0.4305216
1.453722	0.5706364	0.319938	0.6597004	0.1651089	0.2732929	0.4285566
1.451934	0.5675983	0.3187304	0.6578893	0.1655263	0.2628736	0.4433846
1.446349	0.5674193	0.3197023	0.6523256	0.1655752	0.2660345	0.4389102
1.445835	0.564024	0.3204377	0.651395	0.1650206	0.2675508	0.4334276
1.448208	0.5642702	0.3211298	0.6541847	0.1654831	0.2697334	0.4325262
