1.35282	        0.5458661	0.3024228	0.6257775	0.1433152	0.265711	0.4157012
1.352328	0.5524769	0.3028194	0.6260164	0.1427704	0.2659335	0.4062324
1.350945	0.5450979	0.303437	0.6248386	0.1424777	0.2682183	0.4089259
1.353724	0.5488611	0.3027996	0.6274475	0.1423407	0.2658248	0.4101972
1.353907	0.5482442	0.302078	0.6263546	0.1415196	0.2656299	0.4029619
1.353045	0.5519798	0.3010275	0.6258949	0.1418353	0.2637147	0.4054836
1.342921	0.5426058	0.2999129	0.6163067	0.1414371	0.2623551	0.4084809
1.346688	0.5488206	0.2998917	0.6203102	0.1416848	0.2616768	0.4065798
1.342466	0.5430681	0.3013542	0.616559	0.1414574	0.262002	0.4092472
1.343876	0.5435043	0.3003904	0.6181027	0.142225	0.2633588	0.412497
1.349414	0.5477313	0.2999975	0.623583	0.1419169	0.2640578	0.4090376
1.355362	0.5484377	0.3012052	0.6301068	0.1418939	0.261865	0.4136834
1.35269	        0.547995	0.3003075	0.6273338	0.1420145	0.2616454	0.4143209
1.3529	        0.5488862	0.3028271	0.6286514	0.1417075	0.2648078	0.4143118
1.355904	0.5533411	0.3015218	0.6308222	0.1416151	0.2637844	0.418601
1.34421	        0.5429828	0.3022765	0.6201583	0.1418368	0.2628455	0.4081749
1.353691	0.5512266	0.3036473	0.6288815	0.1417508	0.26294	        0.4178091
1.354447	0.5535258	0.3027081	0.6295506	0.1416953	0.2619335	0.422829
1.343635	0.5484211	0.302974	0.6201114	0.1416279	0.2621851	0.4170827
1.344823	0.5462415	0.3024767	0.6194699	0.1418072	0.2604344	0.416448
1.346771	0.5523914	0.3021388	0.6213166	0.1413935	0.2621283	0.4209121
1.346385	0.5508017	0.3022675	0.620283	0.1416382	0.2653081	0.4130184
1.349812	0.5509046	0.3012137	0.6240192	0.1416111	0.2644615	0.4146185
1.354384	0.5470545	0.3027004	0.6282597	0.1418137	0.26651	        0.4050285
1.358333	0.5551009	0.3032969	0.6326649	0.142782	0.2652709	0.4135754
1.360382	0.54808	        0.3033685	0.634212	0.1428495	0.2647629	0.4067887
1.349855	0.5473961	0.3021318	0.62398	        0.1427876	0.27205	    0.3959489
1.350551	0.5427778	0.3014943	0.624243	0.142595	0.2677339	0.3978757
1.356003	0.5424201	0.3027865	0.6295334	0.1426374	0.2650151	0.4028437
1.349107	0.5442152	0.3016067	0.6229195	0.1424048	0.2633823	0.4066253
1.356266	0.5469003	0.3030819	0.630594	0.1423348	0.263506	0.4103237
1.3576	        0.5478119	0.3028071	0.631371	0.1425394	0.2639546	0.4105643
1.349505	0.5507691	0.3014106	0.6240125	0.1430304	0.2648762	0.4163932
1.354746	0.5513845	0.3016309	0.6297689	0.1427945	0.2653095	0.4074667
1.352472	0.5476542	0.3006763	0.6273252	0.1427765	0.2653291	0.4071765
1.355601	0.5470409	0.3024117	0.6310917	0.1436611	0.2654184	0.4135622
1.353845	0.5535191	0.3021584	0.6288335	0.1438232	0.267056	0.4089524
1.339992	0.553118	0.301843	0.6156167	0.143133	0.2656824	0.4092897
1.342463	0.5501162	0.3014077	0.6176699	0.1434242	0.2645114	0.4117954
1.347383	0.5392779	0.3013547	0.6225854	0.1433525	0.2643937	0.4104124
1.35674	        0.538172	0.3024167	0.6319175	0.1428616	0.2648185	0.4094935
1.348758	0.5341991	0.3016147	0.6227728	0.142211	0.2640687	0.4053268
1.36028	        0.5283121	0.3020498	0.6337284	0.1422835	0.2639913	0.3993718
1.368343	0.5374023	0.3023433	0.6418028	0.142168	0.266116	0.4069858
1.356814	0.5450653	0.3030129	0.6308973	0.142091	0.2629986	0.4052081
1.359815	0.5448107	0.3015071	0.633196	0.1421755	0.2628325	0.4026455
1.357669	0.5516451	0.3012296	0.6309703	0.1421114	0.2676535	0.4036791
1.356578	0.5505366	0.301232	0.6299809	0.1419809	0.2675136	0.4023197
1.347169	0.5446373	0.3012525	0.6201206	0.1419964	0.2668917	0.4146038
1.336782	0.5473891	0.2996379	0.6106416	0.1419524	0.2667902	0.4123891
1.342798	0.5579059	0.3001547	0.616778	0.1417664	0.266282	0.4288503
1.349335	0.5526123	0.3006108	0.6224041	0.141988	0.2646257	0.4202835
1.351987	0.5561823	0.3025592	0.6261396	0.1417844	0.2653313	0.4103826
1.347071	0.5535854	0.3026837	0.6214102	0.142063	0.2660484	0.4080542
1.352205	0.5512381	0.3019466	0.6262177	0.1418886	0.2697879	0.4068759
1.35362	        0.5581301	0.3013052	0.6268939	0.14177	        0.2697312	0.4046497
1.35349	        0.5505056	0.301673	0.6270349	0.1414503	0.2676285	0.4111031
1.353183	0.5518489	0.3012794	0.626444	0.1418631	0.2670592	0.4091544
1.352748	0.5517754	0.3019289	0.6271245	0.1422736	0.2669488	0.408286
1.353384	0.5516286	0.3025591	0.6285641	0.1418829	0.2642149	0.4063565
1.354046	0.5521768	0.3014204	0.6277158	0.1417521	0.265766	0.4061993
1.352227	0.5465591	0.3021421	0.6259906	0.1422876	0.2676181	0.4029068
1.351913	0.5499463	0.301683	0.6242868	0.1421543	0.2645342	0.4161712
1.350991	0.5506458	0.3010367	0.6234789	0.1427469	0.2666324	0.4051611
1.347089	0.5548995	0.3003756	0.6195101	0.1430331	0.2670301	0.4041575
1.355233	0.5514713	0.3017548	0.6276842	0.142799	0.2653576	0.4213332
1.356805	0.5555184	0.302876	0.6292176	0.1427888	0.2644692	0.4245595
1.351808	0.549473	0.3017193	0.6238726	0.1427706	0.2647599	0.4173294
1.354062	0.5523359	0.3013076	0.6271927	0.142916	0.2652833	0.419977
1.351521	0.5554585	0.3022034	0.6248708	0.1428766	0.2640091	0.4239115
1.348216	0.5481569	0.3009543	0.6218573	0.1430332	0.2648617	0.415101
1.34769	        0.549932	0.3015041	0.6217442	0.143042	0.2635659	0.4189707
1.356097	0.5480807	0.3012284	0.6296412	0.1428896	0.263382	0.416546
1.352622	0.5555214	0.3005386	0.6266444	0.1430461	0.2634043	0.4232112
