0.2938844
0.2949644
0.2938696
0.2916862
0.2921886
0.2927762
0.2930008
0.2971683
0.3287068
0.3718079
0.4047238
0.4160774
0.4150226
0.4012961
0.3973927
0.3415992
0.2780035
0.1987457
0.1893293
0.2531727
0.3582121
0.4209014
0.4207532
0.4207412
0.38655
0.3101589
0.2135612
0.1308053
0.229698
0.3837957
0.4990647
0.4803986
0.4997016
0.4383491
0.3313641
0.2224934
0.1272908
0.1789812
0.336572
0.4490007
0.4468591
0.4501756
0.4154412
0.3331531
0.2378507
0.1563716
0.1947585
0.2981295
0.3499143
0.3575788
0.3579807
0.3323023
0.2955068
0.2464583
0.2295611
0.1988456
0.1978264
0.1969244
0.1954711
0.1938951
0.1936029
0.1927093
0.1926555
0.1925552
0.1922308
0.1925566
0.1928977
0.1924295
0.1924061
0.1923702
0.1924587
0.1924409
0.1927526
0.1927289
0.1927289
