0.2589514
0.2530196
0.2517273
0.2488609
0.243605
0.2428027
0.2714815
0.336846
0.4051375
0.4533965
0.4870919
0.4823926
0.4646158
0.4338631
0.4317187
0.3443
0.2529831
0.1676263
0.2166116
0.3329946
0.4294834
0.4408634
0.4567206
0.4575003
0.4064737
0.3319715
0.2532508
0.1870753
0.2154068
0.3547806
0.4689353
0.4937087
0.4832995
0.4519157
0.3994683
0.3247927
0.2485503
0.1684358
0.2043972
0.3275992
0.4349919
0.4656419
0.4675791
0.4626576
0.432901
0.4080952
0.3386834
0.266104
0.1992642
0.190425
0.2913075
0.3884982
0.4235695
0.4391794
0.4253785
0.3919244
0.3489123
0.3065301
0.2573966
0.2054782
0.1955857
0.2355469
0.2545923
0.2593245
0.2596111
0.2562188
0.2551146
0.256196
0.2544046
0.2554331
0.2546857
0.252973
0.2534461
0.2528917
0.2525655
